882
882
887
937
925
870
974
960
805
734
711
711
812
988
1020
1023
973
1033
1052
1021
902
1004
1123
1146
1144
1074
1055
1110
1129
1087
990
1056
1140
1112
895
956
1092
1021
1045
1075
933
845
997
968
833
960
1039
895
889
941
871
803
843
871
817
781
849
937
897
958
939
823
777
792
810
802
758
797
847
845
793
849
926
894
811
865
908
873
761
727
764
764
746
714
724
789
891
958
938
945
987
952
962
959
869
854
876
848
792
837
939
928
849
885
873
853
812
902
907
869
844
865
880
812
802
860
902
863
788
772
787
821
826
824
902
952
898
888
901
888
786
779
812
858
942
924
979
1003
968
1036
933
825
834
950
918
983
1024
888
793
765
775
811
758
742
808
921
949
811
788
835
831
795
755
760
778
812
777
737
710
706
742
777
745
703
687
712
744
782
737
717
700
705
735
726
709
695
687
704
738
729
729
717
755
797
837
820
790
834
837
842
743
711
706
722
713
735
717
723
779
828
836
764
721
704
698
646
643
623
606
588
569
568
578
579
599
610
606
609
621
634
648
638
622
607
593
589
600
607
617
622
646
685
692
701
705
733
714
699
679
674
713
740
764
767
831
844
778
707
690
709
715
716
688
679
704
790
831
820
756
750
772
812
783
733
716
752
810
770
732
729
788
798
781
707
672
675
719
745
836
771
743
795
840
833
762
697
675
663
667
671
666
653
639
665
675
707
679
664
686
669
644
644
645
639
639
626
625
611
627
646
661
661
646
684
704
699
659
642
627
645
683
723
689
650
639
635
671
734
733
689
670
686
692
679
646
614
607
619
639
662
672
653
629
645
673
708
708
675
654
632
610
600
604
650
763
787
733
674
640
614
610
609
622
646
645
613
618
729
697
678
647
686
642
624
594
609
609
592
588
591
598
653
664
623
611
658
635
606
596
600
598
588
577
589
587
613
635
614
616
598
619
616
592
586
577
566
573
583
590
581
574
563
571
598
607
606
593
580
571
574
580
586
578
572
588
588
618
644
652
641
619
603
600
619
632
642
605
597
591
594
597
594
566
556
561
561
551
548
541
536
536
538
548
551
534
538
540
540
543
534
523
530
523
525
537
543
532
541
531
538
544
550
547
538
532
545
543
542
539
536
547
551
535
537
538
526
528
525
523
523
518
518
531
541
532
532
528
519
519
520
526
532
530
530
529
528
526
532
546
556
558
546
539
542
550
523
534
519
514
512
508
511
512
518
516
517
512
516
527
535
546
544
540
537
545
522
523
526
511
521
506
505
508
497
512
515
521
515
532
533
543
525
525
523
527
522
519
516
512
512
511
520
518
518
512
510
512
514
521
517
507
518
506
500
500
496
496
498
496
495
494
491
487
490
487
489
486
489
492
486
490
490
502
494
492
483
485
485
490
489
477
479
476
474
477
478
472
468
469
470
470
473
466
470
472
473
473
474
471
473
473
475
472
479
465
467
463
465
464
466
469
468
466
466
469
469
477
473
473
471
469
471
470
465
459
462
465
462
461
456
457
456
459
463
472
481
483
477
472
475
472
473
472
469
468
465
461
461
457
454
451
448
448
446
447
448
447
451
448
448
448
448
451
451
450
450
452
449
450
452
450
457
446
446
446
445
445
446
447
443
444
447
448
451
448
446
450
447
451
450
455
440
443
443
445
439
442
433
434
436
438
440
437
436
439
441
443
440
441
441
443
442
446
442
443
439
443
439
441
438
441
437
439
440
445
446
445
444
444
442
444
444
444
444
437
437
436
433
435
434
435
429
427
427
427
426
430
430
423
423
426
424
429
428
422
419
422
419
421
419
422
420
418
416
417
419
422
424
420
422
422
421
419
423
426
427
428
424
420
421
420
421
420
424
419
422
423
421
425
425
428
425
424
421
421
420
420
421
423
418
421
421
420
421
424
424
423
418
422
418
417
417
420
420
417
414
415
415
417
416
412
411
410
411
411
411
413
409
410
408
409
409
410
412
413
416
413
418
417
417
420
421
423
422
421
419
418
417
417
414
412
412
412
407
406
408
411
412
409
409
404
404
402
408
409
410
407
407
407
406
406
407
405
404
401
401
400
399
403
402
403
396
400
396
399
399
402
401
400
397
399
396
399
399
399
397
396
395
396
397
399
397
397
395
397
396
394
396
397
398
400
396
397
397
396
398
400
400
398
396
398
398
397
399
399
398
398
393
396
396
396
396
396
392
390
392
394
395
394
392
393
393
392
391
396
396
397
396
394
393
395
396
396
393
390
392
391
395
392
391
389
390
387
390
392
390
386
386
389
388
389
385
387
388
388
390
385
385
385
387
386
388
386
386
385
380
382
377
379
379
376
379
381
383
381
381
382
382
386
383
380
379
381
380
385
377
379
377
378
381
381
380
375
378
377
380
378
376
376
374
375
375
377
373
371
369
370
369
372
374
374
372
367
370
368
368
368
369
369
365
366
365
368
368
366
364
364
365
366
367
366
362
362
362
364
364
364
360
363
362
365
364
364
362
360
363
360
361
363
362
362
359
359
361
358
362
363
362
362
358
361
362
363
363
361
362
362
360
363
365
364
364
362
361
363
364
363
363
363
360
362
361
364
363
362
360
358
360
363
362
360
360
360
358
361
361
361
356
357
358
359
361
360
362
358
359
357
360
360
357
358
356
357
354
358
358
357
358
357
357
358
357
358
357
356
355
356
360
356
361
356
356
359
358
360
360
361
361
357
359
361
361
362
357
359
360
358
362
360
361
358
356
358
359
361
357
356
357
357
356
358
358
356
356
357
354
355
357
356
357
354
354
354
354
354
357
355
355
354
354
354
355
355
355
354
354
353
353
355
354
354
354
353
352
354
355
354
355
354
353
354
354
355
357
354
354
354
353
354
355
354
357
355
354
354
354
356
356
357
356
354
354
358
355
357
354
354
353
357
355
356
353
353
352
355
353
354
350
349
349
354
353
352
350
349
348
351
351
349
348
347
346
347
352
350
348
350
347
348
350
348
349
349
348
346
349
348
350
349
347
346
348
348
349
349
348
348
345
348
350
350
347
347
349
349
350
350
348
349
347
348
351
351
349
349
350
350
347
351
349
350
349
349
347
353
351
351
350
347
349
352
350
354
346
349
349
352
351
351
347
349
349
351
349
350
347
347
349
350
350
347
346
347
349
347
348
348
346
345
344
344
351
344
345
343
344
347
346
347
341
344
344
344
347
342
343
340
344
347
342
342
343
343
344
342
342
342
339
343
343
344
343
339
341
344
339
344
341
339
341
344
343
340
340
341
341
341
342
341
341
340
343
343
340
339
340
340
343
342
339
339
340
342
341
341
338
340
341
341
342
338
339
338
343
342
341
338
341
341
343
338
339
339
341
341
338
337
338
340
339
337
337
338
339
340
339
337
337
340
339
336
337
337
339
338
335
338
339
334
336
336
338
339
337
336
336
337
342
338
337
336
340
339
336
336
337
339
340
336
337
337
340
339
339
337
337
339
341
335
337
340
340
336
334
338
337
337
335
334
337
336
336
336
334
335
335
336
335
334
334
334
334
333
334
336
334
334
333
334
334
331
331
332
335
332
331
333
332
331
335
332
334
333
334
334
334
335
336
334
335
335
337
339
337
340
338
338
340
341
343
341
340
342
344
344
345
345
344
344
346
348
347
349
347
349
349
348
350
347
350
353
350
352
353
354
353
356
352
353
354
355
354
356
353
354
354
356
356
356
357
357
359
360
360
361
362
361
360
361
361
361
363
363
365
365
366
365
369
368
366
368
367
366
368
369
368
368
367
366
368
373
371
373
373
376
376
378
379
380
378
380
378
376
378
377
380
378
377
380
378
379
377
382
381
380
382
382
385
382
385
385
386
383
380
381
386
384
380
380
383
385
384
384
381
384
386
385
388
383
384
384
386
388
386
388
387
388
390
392
392
393
392
393
395
396
397
396
400
396
394
394
395
394
393
395
395
394
396
398
399
400
403
405
407
409
411
412
415
411
411
410
411
407
405
404
403
404
406
407
409
410
412
411
413
418
417
420
422
424
426
425
428
430
429
432
435
434
435
435
438
438
438
438
437
443
443
444
446
450
447
446
448
449
452
455
462
463
461
457
460
466
467
469
470
465
459
454
456
452
457
459
460
458
457
457
457
457
461
462
461
465
465
466
464
471
463
459
457
455
450
446
450
448
448
449
453
459
457
458
459
462
464
465
463
461
457
454
455
451
451
454
454
455
453
460
461
469
473
475
475
473
477
478
478
478
475
472
467
465
466
463
466
463
468
469
472
476
481
483
477
474
475
470
466
468
471
476
483
489
497
498
498
492
490
489
483
480
477
471
467
461
461
461
467
466
470
471
474
475
480
479
480
479
480
480
481
489
489
490
490
493
497
497
497
495
497
498
500
504
505
500
498
495
493
496
519
494
504
501
501
509
511
524
529
532
526
522
521
521
519
511
507
499
501
509
531
524
530
540
554
558
551
547
550
552
553
548
542
542
541
537
533
530
540
546
561
557
546
545
543
541
534
530
527
524
520
518
519
521
522
524
523
527
529
536
539
534
535
538
537
545
541
532
527
525
527
572
570
561
574
564
559
565
568
576
584
563
553
546
536
574
537
566
585
592
587
564
555
552
552
548
559
562
554
545
540
536
537
559
545
547
548
543
548
575
578
594
578
568
565
558
562
562
553
547
543
544
564
595
541
552
547
547
548
576
548
552
546
542
543
587
533
549
547
545
546
590
546
564
561
557
553
557
554
547
545
542
543
594
546
566
562
562
564
606
548
563
560
591
580
582
545
594
542
605
553
568
567
562
604
552
586
563
604
547
609
547
602
541
594
539
604
548
598
544
604
593
561
607
548
603
584
588
554
608
555
627
610
614
606
563
627
605
561
573
600
539
545
541
584
576
582
580
540
607
550
605
548
602
581
592
584
588
595
612
606
604
563
636
561
619
550
614
590
605
608
611
604
604
610
609
599
593
591
596
556
617
595
610
616
609
568
629
564
619
558
618
599
600
598
593
600
610
607
604
608
622
619
611
604
598
598
594
590
586
586
600
606
606
604
604
609
613
607
600
596
598
597
590
585
586
591
597
605
607
620
646
629
646
652
622
619
614
609
600
599
600
605
618
615
612
616
638
635
584
642
610
622
612
614
608
606
614
625
624
622
614
614
620
629
627
616
609
612
622
623
612
609
607
611
614
614
612
616
625
625
620
612
616
617
617
613
609
608
617
623
615
614
606
607
612
611
616
619
630
622
613
605
605
614
610
607
603
608
618
626
618
611
613
626
634
628
624
619
619
630
640
628
626
625
644
651
642
637
633
642
642
646
635
622
627
635
657
673
677
672
639
619
604
596
596
600
610
626
654
669
687
688
676
658
608
616
583
572
569
573
580
595
615
604
631
617
606
609
636
628
649
661
660
600
636
568
618
597
610
619
610
601
594
601
609
608
604
609
602
600
596
594
593
589
585
546
586
565
572
583
599
609
609
605
604
602
560
604
546
580
560
550
554
553
555
563
566
567
570
545
591
546
593
546
591
575
575
573
568
567
565
572
574
566
566
578
589
604

