716
744
743
713
730
781
767
736
728
720
750
764
729
687
667
667
772
973
980
943
841
780
757
900
1105
1068
1016
913
911
1149
1144
1111
997
897
987
1159
1170
1039
929
1030
1170
1155
1081
1007
1157
1185
1159
1026
1003
1148
1214
1116
1055
1232
1273
1220
1152
1116
1206
1255
1151
1037
932
1008
1225
1150
1070
1107
1218
1187
1066
1089
1249
1241
1101
1181
1271
1183
1120
1219
1239
1227
1107
1090
1374
1318
1106
1062
1241
1248
1167
1081
1180
1271
1225
1132
1119
1257
1255
1216
1115
1070
1226
1242
1224
1147
1056
1122
1235
1240
1228
1180
1098
1061
969
917
1279
1249
1200
1067
1002
921
1024
1181
1154
1082
1034
1025
1201
1263
1198
1166
1124
1032
1015
1110
1173
1130
1081
992
1039
1156
1201
1074
1038
1079
1093
1042
933
978
1189
1140
1053
982
1052
1173
1138
1065
975
993
1118
1128
1048
1000
1093
1060
1065
1017
979
1130
1203
1151
1070
983
1015
1103
1083
979
1037
1195
1142
1006
919
934
1074
1139
1059
961
1021
1072
1079
983
956
1020
1131
1081
1012
972
1074
1167
1097
1007
957
1056
1237
1221
1154
1062
949
940
1131
1196
1144
1060
1006
1083
1177
1121
1013
1047
1062
1037
948
1026
1119
1040
929
954
1162
1131
1009
1007
1125
1139
1016
868
809
773
768
822
889
888
810
823
952
1104
1083
1021
936
921
943
973
954
848
827
784
772
780
797
852
887
904
874
845
819
818
788
773
755
729
728
731
848
1054
1078
1071
1023
976
1068
1226
1243
1201
1271
1307
1250
1114
1018
1061
1374
1306
1257
1216
1148
1100
1221
1313
1249
1191
1026
931
1395
1382
1239
1104
1113
1306
1284
1208
1089
1232
1366
1177
1037
1046
1271
1131
1094
985
949
930
1043
1061
1051
1037
1004
1008

