532
525
529
539
566
583
570
570
596
605
583
568
556
554
561
561
562
547
543
548
557
571
543
543
548
577
604
603
577
596
615
625
577
575
591
586
563
551
542
548
555
575
559
562
565
572
571
583
631
662
666
623
642
649
616
606
611
651
679
646
663
687
697
653
666
688
712
661
714
741
740
640
639
685
687
687
668
644
667
666
696
699
738
836
914
812
784
786
756
705
664
652
669
688
694
675
670
700
741
748
736
723
716
688
664
682
669
682
652
684
701
704
724
681
685
716
764
781
757
735
735
725
678
646
635
646
675
671
676
711
742
748
707
713
724
711
684
690
694
685
695
662
693
713
738
752
743
787
809
798
793
758
691
697
691
700
719
740
751
716
740
758
799
812
737
707
715
714
672
655
628
645
681
693
646
623
626
649
650
648
622
608
615
636
648
644
615
597
590
602
653
685
661
653
668
664
652
628
618
620
646
674
680
654
664
679
677
689
671
646
649
674
702
697
669
663
663
651
635
621
621
638
656
718
724
712
734
766
766
729
686
668
668
656
665
639
638
628
656
683
675
641
607
589
579
580
598
623
689
699
700
737
752
750
719
667
658
676
697
713
720
677
674
691
720
775
792
748
754
744
747
718
676
672
690
706
743
722
704
700
750
747
733
684
665
671
699
698
685
663
650
665
676
711
710
685
668
670
672
676
668
642
643
671
705
749
740
707
696
687
681
641
619
614
605
638
676
681
671
652
640
653
643
629
617
612
626
644
657
647
637
626
623
640
639
645
638
647
650
655
657
645
627
604
589
581
576
588
611
630
633
639
626
626
625
625
657
657
702
754
832
797
737
712
678
662
644
613
594
600
625
635
653
668
657
649
668
675
697
671
671
677
681
687
656
665
693
698
737
709
702
705
701
667
652
672
678
709
694
678
679
699
724
710
685
676
673
684
661
661
687
709
741
764
746
748
728
696
647
632
645
662
690
700
683
684
679
682
677
697
736
742
727
745
710
691
662
635
633
643
662
697
793
804
792
711
695
704
694
691
687
675
659
659
653
662

