1027
1075
1181
1136
1055
939
950
1040
1310
1237
1061
932
969
1147
1254
1156
1017
1006
1069
1121
1038
1048
1030
929
901
966
1046
1108
1110
1023
1006
1016
948
902
901
960
1070
1039
993
921
961
997
1018
1009
924
889
935
1075
1099
1087
1016
904
938
1054
1168
1191
1158
1046
944
943
946
974
1012
946
878
840
820
825
1006
1110
1120
1067
998
939
930
944
988
956
934
1081
1403
1326
1241
1126
1022
988
1008
1068
1002
906
936
1034
1095
1018
1048
1094
1124
1105
992
999
1042
1108
1108
969
954
998
1066
1081
953
887
939
1122
1209
1177
1032
1003
991
999
977
887
882
934
1080
1219
1244
1179
1076
1062
1080
1112
1145
1038
923
888
929
1039
1085
1048
1017
1057
1065
985
929
951
982
1018
970
977
1006
1059
1094
1061
1003
954
939
1071
1216
1111
1112
1079
953
929
960
1115
1014
925
898
943
949
928
886
902
905
891
854
817
771
762
759
760
764
781
795
775
761
747
771
781
788
771
751
729
730
755
772
774
767
755
726
710
704
715
724
730
737
703
690
686
682
699
714
729
722
705
695
693
688
680
679
681
704
716
729
718
690
685
716
729
744
770
734
714
728
727
783
794
792
763
746
766
787
811
800
763
739
717
749
767
806
829
778
746
768
773
761
729
715
704
710
721
730
723
710
687
681
669
666
689
703
726
745
709
687
686
703
715
732
732
703
683
678
697
709
733
739
710
692
685
715
734
769
761
728
718
728
741
756
734
718
707
727
744
771
775
746
720
741
762
780
766
740
720
733
750
775
771
736
718
702
726
750
761
763
736
707
691
679
687
743
805
814
789
743
727
732
744
754
767
743
725
735
761
787
795
762
738
748
759
761
768
740
711
694
724
744
787
837
797
759
770
771
771
755
721
702
711
727
749
761
753
723
692
720
729
767
787
751
722
709
723
737
752
755
729
708
707
743
770
779
761
727
702
687
712
746
779
783
755
741
742
770
797
819
776
745
730
742
758
792
775
745
751
764
781
813
778
748
750
757
763
772
765
733
741
735
760
783
796
751
735
710
735
749
759
759
724
706
711
727
756
763
739
723
714
730
749
746
719
710
724
744
773
796
760
748
754
777
788
758
748
762
778
802
772
739
726
753
773
803
769
741
751
764
776
785
742
719
702
718
733
788
809
771
741
736
746
764
771
760
734
705
694
695
734
786
842
825
763
737
710
742
861
945
880
776
741
735
736
764
777
768
768
806
840
872
801
752
742
742
745
753
731
706
693
714
751
807
794
746
731
742
757
772
770
733
703
707
714
728
730
704
686
708
734
764
772
732
722
726
733
743
727
699
695
718
735
741
733
706
705
719
731
735
721
699
697
715
730
740
719
707
700
725
741
750
743
721
694
705
712
730
745
728
709
689
702
721
737
745
719
694
673
683
713
742
772
783
755
728
701
721
735
752
766
747
721
697
704
726
742
752
732
714
693
722
741
741
746
723
705
688
693
708
722
739
760
749
718
705
720
736
749
747
719
698
689
728
764
795
780
740
720
739
765
772
749
722
705
725
752
781
786
750
725
728
745
798
812
759
729
738
738
749
752
718
704
706
728
775
812
771
729
723
728
755
782
735
721
736
758
772
771
736
715
698
718
736
753
748
728
721
737
767
789
789
748
740
746
760
759
727
717
718
734
764
775
742
735
753
777
783
755
725
705
720
730
740
742
722
711
726
742
763
770
731
717
728
743
753
759
734
737
747
758
771
757
737
745
764
784
783
746
736
732
747
773
789
754
733
748
757
785
793
760
731
737
742
756
756
730
730
746
771
781
744
731
741
742
758
754
722
698
687
716
746
799
812
769
736
753
763
768
756
721
711
719
727
728
709
679
674
701
726
739
769
728
724
729
742
742
718
687
715
726
733
728
706
683
711
730
768
771
738
714
727
743
740
718
700
688
668
659
658
691
740
791
791
725
710
717
727
744
752
734
702
709
721
734
750
719
717
733
754
764
727
727
733
742
744
718
718
744
773
795
744
745
754
771
755
719
701
723
749
756
747
715
709
718
734
732
705
685
699
712
718
712
690
685
709
724
731
710
689
689
708
724
726
704
680
674
701
724
738
725
697
713
720
729
716
690
689
708
720
734
711
701
716
742
748
725
708
722
740
748
718
702
716
729
731
711
698
718
731
743
736
703
692
708
729
732
726
696
692
712
721
729
699
686
695
715
715
711
687
694
712
739
743
713
695
704
720
716
709
697
673
659
654
653
733
899
892
871
807
735
728
734
742
744
739
713
707
727
762
772
774
747
723
735
743
748
763
728
709
724
735
734
728
712
720
734
760
771
746
720
738
740
723
715
704
722
724
729
715
691
680
696
725
739
729
699
691
701
721
723
715
693
670
692
707
721
744
722
691
680
695
712
727
736
714
690
681
691
712
722
716
681
665
665
682
717
743
726
698
681
692
708
712
714
696
669
688
712
712
715
705
679
677
698
708
707
699
678
688
708
726
739
736
702
688
695
701
723
726
708
685
674
683
696
718
722
699
680
673
680
702
705
695
668
675
692
704
697
687
671
685
712
712
697
678
674
700
716
734
719
695
713
727
718
705
677
694
710
712
706
692
677
693
714
713
701
687
687
695
696
703
684
673
684
710
710
708
675
658
671
679
687
687
673
647
649
672
702
727
718
687
687
695
722
726
704
678
671
681
705
707
688
660
670
673
678
679
664
646
641
668
709
733
737
709
692
710
729
733
709
686
683
696
712
709
696
680
687
697
708
711
695
701
715
724
722
695
666
678
692
706
718
710
683
700
717
721
729
709
698
710
718
715
697
679
690
713
728
724
704
695
703
733
736
725
707
707
721
735
746
719
706
710
731
736
726
701
711
720
730
723
702
680
697
707
715
714
690
670
690
698
695
700
672
656
674
683
694
703
659
664
670
679
701
706
687
660
666
673
695
700
687
658
685
710
727
735
716
691
672
703
725
741
742
713
692
708
719
734
738
707
687
709
726
752
765
739
708
716
727
738
733
709
684
680
698
726
741
729
702
681
694
716
725
725
698
663
678
700
705
726
703
684
701
741
772
758
717
728
726
720
705
693
681
661
646
667
691
705
700
679
648
673
716
742
754
716
696
703
737
755
741
710
708
712
737
752
746
714
720
736
745
746
719
709
722
734
729
702
684
707
734
781
789
743
753
762
759
732
703
713
724
717
715
694
691
715
749
777
747
712
713
718
724
719
703
676
693
708
708
714
705
689
705
729
738
718
694
669
693
708
711
704
687
691
704
713
703
682
669
689
712
714
700
679
670
678
698
697
694
685
678
688
712
714
692
666
663
672
692
694
687
672
688
707
729
722
699
696
705
720
728
706
676
689
700
720
748
742
711
701
715
742
749
752
738
708
685
682
700
748
775
759
734
707
714
731
746
762
740
712
697
703
733
737
749
747
711
693
713
729
755
763
742
709
690
709
716
739
736
711
687
662
694
709
737
754
725
704
696
721
735
741
725
700
682
687
720
766
813
757
726
710
713
746
752
738
709
697
709
730
762
769
757
722
704
679
702
726
773
820
772
734
705
719
739
751
736
705
682
699
713
728
738
715
695
678
696
722
738
728
706
678
661
691
713
735
729
694
681
703
727
732
734
705
681
690
705
727
736
720
693
674
707
725
726
717
695
675
659
646
641
660
702
742
765
722
679
655
704
770
795
757
702
702
651
642
665
692
730
779
764
714
718
734
740
736
705
678
704
740
775
778
744
729
744
761
761
725
702
714
720
724
713
686
665
702
726
745
736
715
688
662
651
668
692
698
690
663
649
662
693
708
709
690
679
706
736
744
704
684
694
725
745
739
712
722
741
758
749
724
726
740
764
775
748
718
713
717
752
764
741
716
695
715
734
752
768
729
711
701
708
746
765
764
726
702
718
735
752
767
734
703
688
703
746
760
752
717
707
708
743
738
737
698
714
725
732
719
698
714
726
742
733
707
687
703
751
767
740
713
700
708
733
739
729
706
689
711
747
771
752
725
729
741
742
733
703
676
671
703
755
797
775
732
740
761
778
751
713
719
724
716
693
660
651
674
697
716
732
694
668
683
693
705
710
677
658
666
673
704
711
687
666
679
690
726
733
713
683
687
701
719
718
701
685
699
729
762
782
756
723
738
749
752
723
692
665
690
709
739
758
744
718
716
730
741
744
728
708
722
733
741
747
722
700
683
708
807
922
881
815
751
733
732
746
764
772
738
727
740
759
758
740
729
718
735
748
748
725
714
711
725
735
740
720
703
687
721
753
757
751
725
712
712
724
735
728
714
720
722
727
718
699
692
718
742
760
739
719
725
741
743
741
714
690
710
728
729
738
720
703
727
753
760
753
719
714
727
734
743
719
709
733
754
751
780
787
780
742
717
726
724
729
711
687
664
701
731
756
749
716
694
708
720
738
739
712
685
696
710
730
750
738
719
724
746
761
752
717
703
713
745
758
757
725
710
718
751
769
751
725
730
733
726
721
687
665
671
697
731
742
714
696
696
706
720
717
704
688
657
650
666
681
689
693
672
659
680
731
789
795
745
741
751
757
749
718
701
721
744
751
725
706
727
757
786
770
772
789
758
745
738
761
799
813
769
730
719
744
832
905
828
772
798
814
802
752
722
706
717
754
779
761
730
717
723
758
812
835
775
730
713
725
741
753
750
724
705
713
724
748
779
755
720
699
675
729
832
867
836
760
721
731
746
763
747
717
741
756
773
765
728
720
730
749
749
727
704
718
727
734
740
713
719
737
758
768
740
724
742
759
771
739
718
718
727
751
770
742
719
720
737
797
768
738
714
720
736
758
775
747
722
710
721
743
749
750
720
701
717
736
750
738
707
689
678
695
729
754
766
750
716
697
700
717
754
796
790
757
721
714
687
672
689
708
776
854
804
734
704
713
749
761
753
725
698
699
718
732
735
729
692
669
689
693
713
736
737
710
712
724
750
758
721
688
688
703
732
749
730
707
722
745
776
741
740
749
749
721
695
680
696
728
751
794
772
735
741
761
812
807
759
725
733
737
760
789
751
752
758
769
774
744
729
714
734
769
775
754
719
705
718
757
777
744
721
738
758
800
794
748
717
725
735
723
701
678
666
695
726
753
742
720
721
731
738
723
687
665
687
697
732
739
717
695
690
707
736
746
713
691
703
730
757
743
725
738
757
765
746
711
688
708
720
741
749
717
702
714
742
747
729
706
686
717
736
781
803
766
734
727
740
769
770
729
710
728
749
760
740
712
694
700
730
753
748
715
697
702
732
741
739
707
684
698
704
722
738
715
699
705
723
752
749
714
686
695
708
711
696
669
656
686
710
729
748
718
687
686
696
714
725
706
678
670
700
736
776
757
719
705
726
754
771
748
709
686
705
726
744
747
722
711
732
762
778
739
722
721
741
710
678
667
656
666
725
828
821
786
730
719
708
720
741
742
750
736
714
698
724
770
852
862
774
728
720
722
719
729
711
695
697
729
763
764
731
690
669
667
694
719
728
726
696
673
685
705
724
747
721
691
680
711
748
775
771
736
722
727
738
738
715
690
699
714
723
726
696
692
718
734
754
732
711
713
728
752
764
729
712
719
745
743
710
687
708
726
736
753
719
695
709
733
739
727
707
712
738
748
737
714
700
712
744
769
759
732
740
754
765
756
729
724
732
770
787
753
730
726
734
767
772
736
713
709
729
777
827
831
762
748
751
777
756
729
706
692
680
669
706
797
902
865
787
767
767
778
781
737
711
712
723
773
834
806
776
776
798
822
806
754
722
729
732
745
745
718
698
720
756
775
746
727
737
771
776
733
711
718
737
738
739
708
687
677
702
744
800
763
722
740
751
758
755
724
695
671
697
721
754
789
761
727
757
794
832
800
734
707
715
729
781
812
761
719
732
747
776
787
756
720
712
727
748
768
735
713
732
760
780
767
733
741
748
753
731
700
708
718
739
743
724
739
767
790
745
720
733
752
753
724
699
681
696
713
755
776
742
725
736
757
770
754
715
688
679
706
756
831
835
775
740
722
730
756
803
812
783
735
719
724
750
791
812
773
737
715
702
724
785
812
799
740
712
725
737
748
758
726
702
711
732
784
869
827
773
778
789
782
730
708
687
682
740
899
970
991
883
789
819
865
979
1024
961
884
827
1000
1253
1185
980
1505
1505
1143
1092
978
876
842
1109
1198
1115
1013
902
842
938
1124
1142
1054
979
1037
1100
1144
1045
1039
1167
1236
1186
1072
982
1060
1336
1282
1190
1095
1060
1178
1208
1100
991
903
910
925
900
897
857
814
823
845
1074
1112
1068
1036
924
834
848
940
1118
1081
1022
932
850
889
1244
1167
1122
1061
968
865
878
1212
1246
1230
1177
1049
957
966
1158
1164
1160
1041
947
953
1106
1295
1219
1107
965
867
979
1422
1254
1242
1155
1038
920
918
1049
1155
1047
1096
1077
953
896
851
823
820
845
971
1046
1034
1022
945
861
930
1229
1275
1260
1163
1102
1043
988
885
824
837
910
1252
1264
1172
1089
987
851
814
851
1059
1235
1226
1158
1058
913
842
854
888
1030
1036
1024
959
882
860
892
1064
1077
1029
972
857
835
872
986
1021
1021
974
868
867
897
1047
1103
1037
911
812
782
796
851
987
993
966
868
846
837
843
853
909
912
873
832
834
876
1073
1132
1127
1077
964
882
890
1051
1177
1141
1011
960
956
1048
1055
1029
890
823
847
959
1129
1143
1026
945
929
988
1055
1022
934
857
862
889
1022
1106
1085
952
830
838
857
942
1060
1019
957
921
949
946
941
861
817
808
848
878
828
783
773
783
1008
1099
1109
1091
1045
993
935
894
889
836
839
954
1377
1262
1214
1095
939
917
977
1030
1052
1048
948
856
864
914
1067
1091
1088
1003
873
822
808
824
904
920
853
888
915
1037
1017
924
895
846
847
831

