1270
1269
1229
1279
1314
1342
1329
1328
1318
1306
1328
1321
1324
1306
1325
1322
1354
1294
1363
1288
1328
1263
1314
1252
1300
1214
1226
1310
1379
1424
1432
1432
1385
1392
1451
1383
1309
1297
1323
1360
1409
1490
1351
1423
1422
1393
1388
1404
1353
1291
1342
1277
1347
1333
1433
1376
1341
1402
1328
1385
1304
1383
1337
1366
1281
1357
1350
1278
1356
1227
1350
1317
1367
1379
1384
1367
1377
1382
1313
1368
1281
1347
1265
1356
1359
1365
1424
1340
1414
1384
1410
1417
1371
1410
1329
1439
1379
1470
1405
1406
1396
1363
1413
1351
1400
1356
1395
1374
1378
1353
1356
1416
1441
1505
1357
1426
1407
1447
1380
1390
1366
1350
1411
1286
1394
1376
1479
1415
1404
1403
1309
1256
1413
1323
1453
1378
1368
1389
1363
1396
1276
1314
1378
1272
1389
1338
1356
1349
1291
1323
1297
1278
1272
1266
1363
1277
1386
1336
1348
1405
1297
1349
1247
1305
1312
1335
1369
1396
1338
1307
1329
1328
1419
1371
1417
1398
1359
1366
1369
1365
1349
1347
1336
1384
1289
1359
1312
1347
1411
1339
1402
1336
1298
1356
1272
1346
1347
1347
1369
1250
1325
1251
1321
1384
1354
1409
1313
1313
1292
1269
1293
1243
1300
1297
1335
1353
1348
1335
1358
1349
1265
1332
1303
1332
1331
1247
1297
1293
1318
1358
1235
1287
1224
1354
1322
1366
1385
1338
1371
1305
1350
1273
1171
989
871
1332
1262
1360
1335
1348
1401
1328
1368
1271
1325
1327
1234
1297
1288
1324
1374
1342
1372
1363
1368
1367
1280
1348
1319
1316
1390
1349
1382
1338
1321
1383
1288
1403
1396
1376
1433
1317
1367
1320
1355
1384
1388
1427
1321
1378
1327
1369
1349
1338
1393
1286
1298
1324
1312
1373
1283
1366
1388
1383
1437
1366
1398
1275
1300
1258
1405
1433
1516
1505
1507
1460
1384
1420
1417
1501
1436
1464
1417
1390
1422
1353
1369
1299
1229
1330
1249
1277
1354
1310
1345
1383
1355
1215
1298
1320
1229
1153
1288
1298
1347
1311
1321
1385
1352
1421
1348
1339
1308
1247
1313
1345
1360
1437
1350
1396
1364
1311
1297
1209
1312
1308
1312
1362
1287
1418
1349
1414
1376
1392
1395
1291
1311
1343
1327
1409
1342
1307
1296
1299
1346
1277
1337
1279
1341
1346
1242
1342
1307
1261
1315
1291
1311
1303
1264
1264
1303
1254
1284
1361
1275
1337
1358
1328
1368
1325
1360
1298
1263
1317
1283
1398
1382
1399
1407
1364
1432
1314
1430
1349
1321
1320
1332
1383
1334
1373
1324
1257
1354
1319
1289
1336
1276
1338
1316
1325
1356
1307
1363
1359
1292
1294
1243
1341
1329
1322
1436
1299
1346
1353
1328
1346
1293
1306
1260
1321
1347
1294
1280
1369
1351
1301
1310
1217
1333
1319
1319
1356
1312
1283
1311
1284
1269
1294
1264
1290
1294
1270
1310
1272
1214
1242
1192
1261
1258
1242
1329
1265
1294
1267
1267
1288
1196
1235
1252
1232
1293
1243
1290
1219
1223
1282
1223
1269
1304
1224
1279
1261
1254
1300
1296
1270
1315
1287
1331
1334
1312
1331
1265
1264
1366
1360
1505
1392
1412
1417
1374
1448
1325
1455
1388
1400
1461
1335
1339
1370
1405
1446
1391
1460
1446
1431
1427
1349
1376
1379
1346
1322
1229
1258
1189
1302
1446
1327
1391
1340
1181
1081
1338
1270
1376
1360
1383
1381
1376
1322
1293
1266
1250
1271
1322
1314
1264
1299
1336
1338
1350
1300
1190
1281
1213
1284
1316
1221
1092
1245
1236
1317
1270
1245
1340
1278
1355
1419
1377
1407
1326
1349
1325
1277
1290
1256
1287
1309
1246
1222
1275
1261
1238
1271
1208
1294
1244
1199
1272
1251
1289
1259
1103
1337
1337
803
1337
1197
1319
1299
1316
1359
1264
1318
1229
1273
1329
1250
1302
1203
1301
1259
1324
1383
1296
1317
1268
1330
1334
1363
1370
1334
1301
1358
1339
1292
1331
1262
1274
1293
1271
1330
1342
1340
1266
1323
1271
1344
1367
1354
1213
1154
1822
1498
1347
1430
1355
1396
1365
1424
1481
1427
1454
1393
1276
1139
1144
1328

