823
823
802
799
868
1047
992
872
840
842
825
862
901
882
896
850
835
838
832
839
866
901
890
925
914
882
906
892
856
885
874
888
893
854
876
862
840
858
843
841
888
886
923
920
877
895
855
866
868
861
891
860
910
917
885
885
847
884
924
879
892
899
863
887
900
855
876
903
861
877
907
872
904
935
888
905
936
871
882
882
853
883
899
872
885
866
858
884
858
896
964
922
918
898
851
877
877
865
923
935
895
901
869
853
880
854
871
899
894
968
971
939
956
895
922
905
917
939
913
948
919
924
966
909
939
951
904
914
920
895
923
888
898
912
883
900
901
874
886
871
882
952
869
885
928
875
877
880
859
895
902
877
919
922
885
894
877
854
891
925
936
951
901
912
910
860
879
875
849
903
926
895
905
926
864
873
896
859
886
891
865
875
876
867
917
904
910
932
876
879
892
874
908
932
894
915
896
876
874
858
923
942
898
942
926
895
920
938
937
1023
1028
991
1029
997
1037
970
954
1018
980
953
1000
932
975
998
951
968
956
923
949
926
917
958
921
939
974
916
931
934
886
910
948
941
979
965
916
938
956
904
923
906
896
923
919
907
947
941
950
956
915
964
949
921
926
872
871
853
856
912
915
939
974
915
933
950
901
934
922
928
971
937
989
972
954
979
912
945
943
911
954
934
923
968
928
975
958
923
959
914
864
886
881
896
963
917
932
932
898
930
907
909
942
901
934
911
880
904
890
884
905
855
859
856
836
896
913
924
979
917
932
914
864
906
912
874
892
878
872
898
870
895
902
889
908
880
897
925
891
882
878
854
880
900
854
874
891
838
862
864
837
852
862
845
852
845
840
881
851
850
883
854
868
884
854
866
856
834
851
846
851
877
867
864
856
832
854
851
863
881
859
869
882
851
869
853
822
832
828
806
859
871
805
822
849
828
832
868
843
826
846
812
835
843
812
839
864
827
874
863
810
850
855
837
854
819
794
833
825
819
881
870
848
854
813
838
817
784
835
834
798
837
846
815
869
896
854
848
837
790
815
873
884
870
890
873
876
906
873
819
852
843
831
868
870
877
869
813
821
862
861
868
879
838
854
865
828
864
877
831
844
870
837
873
902
868
852
866
824
822
852
827
829
858
813
836
863
849
850
814
814
843
829
864
850
799
835
815
804
810
783
804
828
811
850
865
834
854
868
830
829
824
803
831
839
816
849
904
890
844
841
810
811
816
790
803
814
798
840
860
837
834
837
792
824
832
796
811
797
753
771
811
819
832
844
833
862
869
821
824
800
819
863
846
836
862
828
810
807
784
814
812
803
822
806
815
838
818
821
847
810
809
829
811
826
833
799
792
818
797
814
839
811
811
819
793
794
809
784
805
807
778
788
797
784
800
795
775
782
783
789
827
819
798
812
812
799
816
807
795
808
770
770
764
752
774
795
783
800
784
760
784
801
789
813
847
814
779
788
767
767
776
778
789
821
827
782
771
756
746
775
806
814
841
838
786
796
808
788
795
812
789
793
809
783
787
818
802
773
795
834
828
787
799
825
813
795
830
863
849
791
817
862
837
790
792
770
765
803
857
891
908
948
882
830
822
801
839
934
1045
900
868
860
824
847
913
889
762
755
780
791
847
938
904
852
855
861
820
813
829
827
812
864
1071
1000
901
862
841
864
916
883
890
896
876
912
925
883
880
900
879
894
920
861
856
866
838
867
864
834
850
856
836
859
858
847
873
846
844
871
846
854
862
845
860
860
844
879
925
884
891
861
826
826
862
823
830
868
861
881
875
829
831
854
815
809
831
843
834
861
876
849
845
846
809
830
854
825
821
846
825
823
848
818
800
821
817
812
822
795
795
822
843
831
860
891
851
843
825
788
811
801
767
780
814
804
802
882
974
895
826
772
756
776
816
888
1136
925
856
816
794
820
853
859
895
879
842
839
812
812
846
889
926
985
921
854
839
782
772
792
802
852
1062
968
868
805
771
809
795
831
863
884
894
874
827
837
827
838
860
858
844
830
806
831
854
856
856
866
831
836
848
798
803
843
842
830
816
773
789
807
779
797
824
799
812
846
823
793
804
769
766
756
742
749
781
784
781
816
811
791
797
773
805
836
812
795
800
783
773
789
779
801
836
845
789
800
822
819
832
869
870
822
824
828
786
774
774
761
744
768
822
869
838
840
834
780
780
807
805
808
839
839
828
845
840
815
830
836
811
827
852
829
827
888
923
851
833
803
797
860
959
976
976
876
847
908
917
912
930
885
916
934
897
914
911
890
913
906
909
914
874
881
885
864
888
887
859
888
892
910
951
896
870
912
898
878
916
929
872
893
920
894
877
917
885
853
864
853
880
938
902
934
977
907
911
916
854
851
890
885
920
981
937
939
946
894
922
982
922
928
953
883
883
965
949
935
939
913
915
949
910
908
910
884
908
916
870
891
911
861
861
896
870
877
894
858
872
862
848
880
911
879
885
875
836
836
842
815
831
841
835
812
825
808
816
847
845
844
825
775
780
777
763
791

