615
615
632
649
625
648
656
681
653
631
639
641
638
604
601
606
606
627
662
651
627
630
649
648
644
673
733
710
714
764
760
721
759
791
735
787
893
830
840
870
808
830
835
777
746
714
685
704
726
700
683
673
680
706
763
781
752
766
807
899
926
864
875
898
893
913
970
1005
934
948
947
876
913
888
823
793
828
859
865
816
757
736
730
736
782
854
881
891
814
821
801
805
817
749
723
722
757
798
840
800
827
845
865
893
878
842
842
897
1021
1031
957
899
888
885
949
923
843
827
828
843
867
910
827
801
781
725
703
704
693
701
775
819
790
745
732
737
786
779
799
848
898
941
944
865
804
794
814
922
1025
985
910
902
929
915
882
908
915
903
893
915
934
881
815
811
844
901
899
820
786
767
767
777
806
792
758
716
699
706
746
859
959
904
914
907
936
917
823
762
721
706
729
815
888
877
817
787
792
825
924
943
870
886
879
896
900
878
832
824
819
862
918
921
854
843
826
824
841
838
825
791
768
763
780
783
824
874
785
798
836
832
764
759
773
800
777
775
804
861
832
788
774
761
725
743
735
708
710
732
771
781
779
728
697
688
714
873
1142
1108
1018
971
959
960
976
933
839
825
893
1012
1051
992
905
875
903
958
983
916
846
817
816
871
912
924
886
834
792
791
845
898
926
888
818
772
784
787
885
883
843
820
827
892
923
941
881
851
829
832
857
847
796
782
805
883
976
993
889
860
857
867
897
858
816
816
880
906
917
880
799
770
773
811
897
866
858
967
967
1022
948
896
861
867
894
894
845
843
862
888
894
877
812
795
808
807
821
796
782
782
812
876
886
854
792
781
779
795
840
819
805
831
878
933
936

