716
689
745
745
732
747
776
753
740
754
716
692
688
715
842
947
854
898
1036
1088
992
1132
1153
1037
955
1275
1299
1161
1061
1284
1245
1094
1049
1163
1049
1047
1262
1290
1107
1097
1300
1289
1150
1056
1414
1346
1253
1131
1197
1180
1117
1081
1333
1200
1121
1270
1169
1073
1234
1223
1178
1292
1190
1183
1354
1289
1221
1237
1159
1212
1236
1089
1018
1104
1230
1143
1231
1263
1112
1173
1298
1207
1239
1369
1192
1173
1209
1238
1223
1381
1243
1285
1244
1138
1176
1312
1216
1287
1355
1146
1043
1070
1346
1262
1218
1274
1247
1152
1218
1203
1197
1263
1186
1157
1218
1159
1216
1192
1126
1178
1218
1135
1204
1114
1007
1336
1281
1275
1279
1188
1195
1180
1037
1075
1245
1167
1300
1340
1217
1262
1185
1168
1166
962
958
1243
1183
1263
1346
1231
1196
1231
1112
1196
1289
1135
1206
1205
1248
1221
1212
1238
1154
1111
1204
1052
1112
1184
1117
1270
1125
1203
1165
1099
1189
1129
1217
1237
1116
1151
1230
1163
1197
1288
1203
1264
1221
1168
1256
1192
1109
1223
1228
1072
1115
1175
1062
1260
1285
1115
1218
1201
1131
1180
1041
973
1337
1233
1315
1304
1121
1066
1194
1064
1049
1255
1225
1311
1254
1164
1179
1096
1016
1202
1258
1304
1367
1167
1187
1307
1224
1148
1126
1150
1112
1329
1291
1282
1297
1200
1088
1258
1177
1170
1215
1071
1077
1147
1095
1158
1204
1170
1261
1122
1135
1279
1141
1240
1187
1124
1346
1222
1244
1287
1196
1232
1287
1203
1232
1186
1191
1294
1164
1284
1257
1178
1308
1194
1169
1330
1221
1191
1264
1133
1064
1375
1383
1355
1345
1244
1241
1265
1128
1168
1291
1125
1258
1264
1196
1331
1254
1262
1216
1084
1218
1118
1158
1242
1097
1097
1118
1129
1160
985
847
789
797
775
753
924
1187
977
1024
1040
870
772
736
735
814
1024
1022
1041
1111
1099
989
839
816
1020
1284
1129
1198
1181
1122
1218
1043
1209
1295
1243
985
842
1517
1186
1158
1162

